2
405
94
394
27
490
155
134
360
140
385
205
158
266
229
217
137
466
289
162
254
56
462
418
282
479
146
61
116
89
419
97
260
422
82
402
493
113
184
401
365
376
433
193
412
44
199
258
355
279
234
20
261
468
160
240
215
41
312
233
391
361
444
427
472
21
147
84
47
114
491
216
467
497
457
316
95
54
443
180
167
177
80
388
463
440
325
181
186
34
208
202
404
224
40
272
203
257
373
339
398
225
326
197
68
79
83
455
432
145
159
93
378
172
219
230
353
280
246
291
156
496
151
136
249
324
238
342
264
471
428
278
78
214
483
304
91
106
245
70
319
124
141
488
166
400
345
85
284
359
306
309
294
12
477
126
71
102
420
107
273
274
128
390
153
436
439
161
194
480
117
442
179
66
105
475
127
283
65
259
223
368
494
334
30
332
228
112
340
281
425
110
241
73
288
448
17
277
320
267
111
454
23
305
499
335
220
135
227
22
341
351
247
409
171
397
11
295
367
299
55
383
195
148
387
464
318
173
9
366
138
268
293
76
329
28
302
482
489
10
59
58
437
201
300
296
265
465
109
297
435
244
232
96
77
92
473
32
226
15
271
317
221
456
8
248
423
430
150
500
330
196
242
129
476
333
33
31
406
64
60
381
211
349
69
19
188
236
192
328
414
411
206
168
131
287
451
407
382
262
67
310
485
415
275
301
375
421
123
115
344
207
424
243
498
389
103
434
50
322
90
133
253
356
251
384
52
380
185
321
269
429
132
336
154
176
447
362
235
352
270
204
6
343
481
315
250
37
125
298
108
347
408
231
1
363
81
371
290
43
189
183
24
210
88
484
478
469
255
130
285
263
99
237
144
276
174
120
101
449
399
142
7
16
492
354
200
139
86
346
487
323
357
416
87
25
57
307
450
53
446
143
458
42
36
358
209
461
152
495
308
14
393
403
313
395
470
417
165
426
292
213
337
39
438
474
364
370
286
149
38
239
119
460
48
256
453
396
441
386
63
175
75
191
212
51
118
431
413
13
252
26
369
222
190
459
331
122
62
5
445
3
314
392
157
379
452
372
98
311
486
170
303
182
338
327
178
49
169
74
35
348
374
164
18
29
377
121
163
45
350
4
72
104
410
187
100
198
218
46
