3874
1719
1630
31
517
626
639
4912
3127
1669
533
488
4525
3734
2452
2953
4775
2130
1886
4786
655
4550
3910
1617
1139
3016
16
2977
350
3512
173
1001
3190
2725
4685
486
2111
4838
1936
3248
2282
359
3577
1721
4215
820
1246
4206
2994
4108
2718
1520
3520
3717
1934
3232
1663
3733
4722
3278
3250
4011
1889
2326
267
760
1920
3301
810
2220
181
3946
943
3118
4353
3387
4417
363
4907
4795
4233
2571
4357
4666
1654
802
4820
1911
2492
1957
3205
193
3395
2605
75
4152
667
3642
1571
2192
1856
453
1605
2633
514
3012
3287
3444
2528
3610
2433
1094
3144
4112
1939
650
1670
691
2970
3992
4033
1706
1244
632
4399
3307
1639
4464
4739
2288
1429
1701
2011
1540
4480
3454
3938
4854
419
3793
4503
1062
4010
1153
233
3619
1803
3542
1176
3866
2985
1141
2391
2133
2201
3568
4469
1588
3043
3177
3443
4296
672
1296
4169
1791
4804
250
4578
4173
560
2280
90
606
1320
2607
2072
866
3103
503
4630
2488
4818
1737
544
839
303
237
4595
4385
2639
1901
2726
736
2721
716
4066
2809
9
1853
4840
812
41
3826
1366
2976
4212
1288
1604
1128
1516
1831
150
4882
3715
3262
4004
2213
1528
3083
3514
4898
4113
341
4676
1600
3089
1281
4312
274
3066
2517
2447
3973
2229
4231
1662
3895
4784
2557
838
1211
2319
1981
2993
2434
4671
3523
2750
2505
4289
2247
1949
609
2868
1692
3000
346
1157
682
4049
2789
1508
1273
1228
496
1968
935
3884
2030
2135
992
2807
4309
4936
1850
2816
1310
1623
4291
1891
4401
1778
749
1944
1542
867
1744
2193
2995
2812
1441
3242
2989
231
2002
3457
1983
4547
4538
1443
358
195
492
1775
2533
881
3321
204
3947
853
3492
2477
4773
4587
3313
4619
3541
4926
3194
421
828
3151
106
158
3407
4040
3244
2381
733
4121
932
1372
1145
2693
4520
2240
197
133
4332
871
4148
4368
4655
3004
4294
4414
1098
2554
4692
2036
516
3676
1419
4646
907
13
2176
1328
3266
2063
4925
2358
1703
417
634
3058
4995
1890
2978
1253
740
4439
1805
4466
3622
3873
3327
3507
1885
4430
4472
2624
1403
1682
213
3031
1928
757
4872
3970
3521
1227
3738
3111
1149
1904
1933
815
4572
2582
971
1061
159
1144
1241
4970
1732
1201
570
3748
1248
4484
2387
78
1546
1585
2160
2508
2553
4156
3095
3201
3803
3323
1461
88
207
3333
4726
3119
3203
3626
1787
4848
4591
2952
1505
1667
3845
1728
2362
2602
612
3929
1315
151
4364
3818
3084
1006
4089
4904
864
3861
2581
520
4911
2761
1151
3822
4955
4269
1029
3848
4050
498
1938
4883
1483
536
3460
4682
3463
2423
1208
2448
2107
4929
4340
364
3789
1795
4592
2034
2808
2664
1642
2471
4084
2665
253
1969
1603
1373
3421
2383
2393
4790
3279
